.NAME Lili_Feng2
.INST CU
.MAIL University of Colorado at Boulder
.EMAIL lfengmac@gmail.com
.PHONE
.FAX
.MEDIA: Electronic (FTP)
.ALTERNATE MEDIA: Electronic (FTP)
.LABEL AKA0_2017.JUN.30
.END
HRLQ 5C 2017 6 30 0 0 0 2017 7 1 0 0 0 1 LHZ
MM04 7C 2017 6 30 0 0 0 2017 7 1 0 0 0 1 LHZ
ANM AK 2017 6 30 0 0 0 2017 7 1 0 0 0 1 LHZ
BAGL AK 2017 6 30 0 0 0 2017 7 1 0 0 0 1 LHZ
BAL AK 2017 6 30 0 0 0 2017 7 1 0 0 0 1 LHZ
BARK AK 2017 6 30 0 0 0 2017 7 1 0 0 0 1 LHZ
BARN AK 2017 6 30 0 0 0 2017 7 1 0 0 0 1 LHZ
BCP AK 2017 6 30 0 0 0 2017 7 1 0 0 0 1 LHZ
BERG AK 2017 6 30 0 0 0 2017 7 1 0 0 0 1 LHZ
BESE AK 2017 6 30 0 0 0 2017 7 1 0 0 0 1 LHZ
BGLC AK 2017 6 30 0 0 0 2017 7 1 0 0 0 1 LHZ
BMR AK 2017 6 30 0 0 0 2017 7 1 0 0 0 1 LHZ
BPAW AK 2017 6 30 0 0 0 2017 7 1 0 0 0 1 LHZ
BRLK AK 2017 6 30 0 0 0 2017 7 1 0 0 0 1 LHZ
BRSE AK 2017 6 30 0 0 0 2017 7 1 0 0 0 1 LHZ
BWN AK 2017 6 30 0 0 0 2017 7 1 0 0 0 1 LHZ
CAPN AK 2017 6 30 0 0 0 2017 7 1 0 0 0 1 LHZ
CAST AK 2017 6 30 0 0 0 2017 7 1 0 0 0 1 LHZ
CCB AK 2017 6 30 0 0 0 2017 7 1 0 0 0 1 LHZ
CHI AK 2017 6 30 0 0 0 2017 7 1 0 0 0 1 LHZ
CHN AK 2017 6 30 0 0 0 2017 7 1 0 0 0 1 LHZ
CHUM AK 2017 6 30 0 0 0 2017 7 1 0 0 0 1 LHZ
CNP AK 2017 6 30 0 0 0 2017 7 1 0 0 0 1 LHZ
COLD AK 2017 6 30 0 0 0 2017 7 1 0 0 0 1 LHZ
CRQ AK 2017 6 30 0 0 0 2017 7 1 0 0 0 1 LHZ
CTG AK 2017 6 30 0 0 0 2017 7 1 0 0 0 1 LHZ
CUT AK 2017 6 30 0 0 0 2017 7 1 0 0 0 1 LHZ
CYK AK 2017 6 30 0 0 0 2017 7 1 0 0 0 1 LHZ
DCPH AK 2017 6 30 0 0 0 2017 7 1 0 0 0 1 LHZ
DHY AK 2017 6 30 0 0 0 2017 7 1 0 0 0 1 LHZ
DIV AK 2017 6 30 0 0 0 2017 7 1 0 0 0 1 LHZ
DOT AK 2017 6 30 0 0 0 2017 7 1 0 0 0 1 LHZ
EYAK AK 2017 6 30 0 0 0 2017 7 1 0 0 0 1 LHZ
FALS AK 2017 6 30 0 0 0 2017 7 1 0 0 0 1 LHZ
FID AK 2017 6 30 0 0 0 2017 7 1 0 0 0 1 LHZ
FIRE AK 2017 6 30 0 0 0 2017 7 1 0 0 0 1 LHZ
FYU AK 2017 6 30 0 0 0 2017 7 1 0 0 0 1 LHZ
GAMB AK 2017 6 30 0 0 0 2017 7 1 0 0 0 1 LHZ
GCSA AK 2017 6 30 0 0 0 2017 7 1 0 0 0 1 LHZ
GHO AK 2017 6 30 0 0 0 2017 7 1 0 0 0 1 LHZ
GLB AK 2017 6 30 0 0 0 2017 7 1 0 0 0 1 LHZ
GLI AK 2017 6 30 0 0 0 2017 7 1 0 0 0 1 LHZ
GOAT AK 2017 6 30 0 0 0 2017 7 1 0 0 0 1 LHZ
GRIN AK 2017 6 30 0 0 0 2017 7 1 0 0 0 1 LHZ
GRNC AK 2017 6 30 0 0 0 2017 7 1 0 0 0 1 LHZ
HDA AK 2017 6 30 0 0 0 2017 7 1 0 0 0 1 LHZ
HIN AK 2017 6 30 0 0 0 2017 7 1 0 0 0 1 LHZ
HMT AK 2017 6 30 0 0 0 2017 7 1 0 0 0 1 LHZ
HOM AK 2017 6 30 0 0 0 2017 7 1 0 0 0 1 LHZ
ISLE AK 2017 6 30 0 0 0 2017 7 1 0 0 0 1 LHZ
JIS AK 2017 6 30 0 0 0 2017 7 1 0 0 0 1 LHZ
KAI AK 2017 6 30 0 0 0 2017 7 1 0 0 0 1 LHZ
KHIT AK 2017 6 30 0 0 0 2017 7 1 0 0 0 1 LHZ
KIAG AK 2017 6 30 0 0 0 2017 7 1 0 0 0 1 LHZ
KLU AK 2017 6 30 0 0 0 2017 7 1 0 0 0 1 LHZ
KNK AK 2017 6 30 0 0 0 2017 7 1 0 0 0 1 LHZ
KOTZ AK 2017 6 30 0 0 0 2017 7 1 0 0 0 1 LHZ
KTH AK 2017 6 30 0 0 0 2017 7 1 0 0 0 1 LHZ
KULT AK 2017 6 30 0 0 0 2017 7 1 0 0 0 1 LHZ
LOGN AK 2017 6 30 0 0 0 2017 7 1 0 0 0 1 LHZ
MCAR AK 2017 6 30 0 0 0 2017 7 1 0 0 0 1 LHZ
MCK AK 2017 6 30 0 0 0 2017 7 1 0 0 0 1 LHZ
MDM AK 2017 6 30 0 0 0 2017 7 1 0 0 0 1 LHZ
MESA AK 2017 6 30 0 0 0 2017 7 1 0 0 0 1 LHZ
MLY AK 2017 6 30 0 0 0 2017 7 1 0 0 0 1 LHZ
NEA AK 2017 6 30 0 0 0 2017 7 1 0 0 0 1 LHZ
NEA2 AK 2017 6 30 0 0 0 2017 7 1 0 0 0 1 LHZ
NICH AK 2017 6 30 0 0 0 2017 7 1 0 0 0 1 LHZ
NIKH AK 2017 6 30 0 0 0 2017 7 1 0 0 0 1 LHZ
NOTK AK 2017 6 30 0 0 0 2017 7 1 0 0 0 1 LHZ
PAX AK 2017 6 30 0 0 0 2017 7 1 0 0 0 1 LHZ
PIN AK 2017 6 30 0 0 0 2017 7 1 0 0 0 1 LHZ
PNL AK 2017 6 30 0 0 0 2017 7 1 0 0 0 1 LHZ
PPD AK 2017 6 30 0 0 0 2017 7 1 0 0 0 1 LHZ
PPLA AK 2017 6 30 0 0 0 2017 7 1 0 0 0 1 LHZ
PTPK AK 2017 6 30 0 0 0 2017 7 1 0 0 0 1 LHZ
PWL AK 2017 6 30 0 0 0 2017 7 1 0 0 0 1 LHZ
RAG AK 2017 6 30 0 0 0 2017 7 1 0 0 0 1 LHZ
RC01 AK 2017 6 30 0 0 0 2017 7 1 0 0 0 1 LHZ
RDOG AK 2017 6 30 0 0 0 2017 7 1 0 0 0 1 LHZ
RIDG AK 2017 6 30 0 0 0 2017 7 1 0 0 0 1 LHZ
RKAV AK 2017 6 30 0 0 0 2017 7 1 0 0 0 1 LHZ
RND AK 2017 6 30 0 0 0 2017 7 1 0 0 0 1 LHZ
SAMH AK 2017 6 30 0 0 0 2017 7 1 0 0 0 1 LHZ
SAW AK 2017 6 30 0 0 0 2017 7 1 0 0 0 1 LHZ
SCM AK 2017 6 30 0 0 0 2017 7 1 0 0 0 1 LHZ
SCRK AK 2017 6 30 0 0 0 2017 7 1 0 0 0 1 LHZ
SGA AK 2017 6 30 0 0 0 2017 7 1 0 0 0 1 LHZ
SII AK 2017 6 30 0 0 0 2017 7 1 0 0 0 1 LHZ
SKN AK 2017 6 30 0 0 0 2017 7 1 0 0 0 1 LHZ
SLK AK 2017 6 30 0 0 0 2017 7 1 0 0 0 1 LHZ
SPIA AK 2017 6 30 0 0 0 2017 7 1 0 0 0 1 LHZ
SSN AK 2017 6 30 0 0 0 2017 7 1 0 0 0 1 LHZ
SSP AK 2017 6 30 0 0 0 2017 7 1 0 0 0 1 LHZ
SUCK AK 2017 6 30 0 0 0 2017 7 1 0 0 0 1 LHZ
SWD AK 2017 6 30 0 0 0 2017 7 1 0 0 0 1 LHZ
TABL AK 2017 6 30 0 0 0 2017 7 1 0 0 0 1 LHZ
TGL AK 2017 6 30 0 0 0 2017 7 1 0 0 0 1 LHZ
TNA AK 2017 6 30 0 0 0 2017 7 1 0 0 0 1 LHZ
TRF AK 2017 6 30 0 0 0 2017 7 1 0 0 0 1 LHZ
UNV AK 2017 6 30 0 0 0 2017 7 1 0 0 0 1 LHZ
VRDI AK 2017 6 30 0 0 0 2017 7 1 0 0 0 1 LHZ
WAT1 AK 2017 6 30 0 0 0 2017 7 1 0 0 0 1 LHZ
WAT2 AK 2017 6 30 0 0 0 2017 7 1 0 0 0 1 LHZ
WAT3 AK 2017 6 30 0 0 0 2017 7 1 0 0 0 1 LHZ
WAT4 AK 2017 6 30 0 0 0 2017 7 1 0 0 0 1 LHZ
WAT5 AK 2017 6 30 0 0 0 2017 7 1 0 0 0 1 LHZ
WAT6 AK 2017 6 30 0 0 0 2017 7 1 0 0 0 1 LHZ
WAT7 AK 2017 6 30 0 0 0 2017 7 1 0 0 0 1 LHZ
WAX AK 2017 6 30 0 0 0 2017 7 1 0 0 0 1 LHZ
WRH AK 2017 6 30 0 0 0 2017 7 1 0 0 0 1 LHZ
YAH AK 2017 6 30 0 0 0 2017 7 1 0 0 0 1 LHZ
PMR AT 2017 6 30 0 0 0 2017 7 1 0 0 0 1 LHZ
SIT AT 2017 6 30 0 0 0 2017 7 1 0 0 0 1 LHZ
BBB CN 2017 6 30 0 0 0 2017 7 1 0 0 0 1 LHZ
INK CN 2017 6 30 0 0 0 2017 7 1 0 0 0 1 LHZ
COL DW 2017 6 30 0 0 0 2017 7 1 0 0 0 1 LHZ
KDAK II 2017 6 30 0 0 0 2017 7 1 0 0 0 1 LHZ
COL IU 2017 6 30 0 0 0 2017 7 1 0 0 0 1 LHZ
COLA IU 2017 6 30 0 0 0 2017 7 1 0 0 0 1 LHZ
A19K TA 2017 6 30 0 0 0 2017 7 1 0 0 0 1 LHZ
A21K TA 2017 6 30 0 0 0 2017 7 1 0 0 0 1 LHZ
A22K TA 2017 6 30 0 0 0 2017 7 1 0 0 0 1 LHZ
A36M TA 2017 6 30 0 0 0 2017 7 1 0 0 0 1 LHZ
B18K TA 2017 6 30 0 0 0 2017 7 1 0 0 0 1 LHZ
B20K TA 2017 6 30 0 0 0 2017 7 1 0 0 0 1 LHZ
B21K TA 2017 6 30 0 0 0 2017 7 1 0 0 0 1 LHZ
B22K TA 2017 6 30 0 0 0 2017 7 1 0 0 0 1 LHZ
C16K TA 2017 6 30 0 0 0 2017 7 1 0 0 0 1 LHZ
C17K TA 2017 6 30 0 0 0 2017 7 1 0 0 0 1 LHZ
C18K TA 2017 6 30 0 0 0 2017 7 1 0 0 0 1 LHZ
C19K TA 2017 6 30 0 0 0 2017 7 1 0 0 0 1 LHZ
C21K TA 2017 6 30 0 0 0 2017 7 1 0 0 0 1 LHZ
C23K TA 2017 6 30 0 0 0 2017 7 1 0 0 0 1 LHZ
C24K TA 2017 6 30 0 0 0 2017 7 1 0 0 0 1 LHZ
C26K TA 2017 6 30 0 0 0 2017 7 1 0 0 0 1 LHZ
C27K TA 2017 6 30 0 0 0 2017 7 1 0 0 0 1 LHZ
C36M TA 2017 6 30 0 0 0 2017 7 1 0 0 0 1 LHZ
D17K TA 2017 6 30 0 0 0 2017 7 1 0 0 0 1 LHZ
D19K TA 2017 6 30 0 0 0 2017 7 1 0 0 0 1 LHZ
D20K TA 2017 6 30 0 0 0 2017 7 1 0 0 0 1 LHZ
D22K TA 2017 6 30 0 0 0 2017 7 1 0 0 0 1 LHZ
D23K TA 2017 6 30 0 0 0 2017 7 1 0 0 0 1 LHZ
D24K TA 2017 6 30 0 0 0 2017 7 1 0 0 0 1 LHZ
D25K TA 2017 6 30 0 0 0 2017 7 1 0 0 0 1 LHZ
D27M TA 2017 6 30 0 0 0 2017 7 1 0 0 0 1 LHZ
D28M TA 2017 6 30 0 0 0 2017 7 1 0 0 0 1 LHZ
E17K TA 2017 6 30 0 0 0 2017 7 1 0 0 0 1 LHZ
E18K TA 2017 6 30 0 0 0 2017 7 1 0 0 0 1 LHZ
E19K TA 2017 6 30 0 0 0 2017 7 1 0 0 0 1 LHZ
E20K TA 2017 6 30 0 0 0 2017 7 1 0 0 0 1 LHZ
E21K TA 2017 6 30 0 0 0 2017 7 1 0 0 0 1 LHZ
E22K TA 2017 6 30 0 0 0 2017 7 1 0 0 0 1 LHZ
E23K TA 2017 6 30 0 0 0 2017 7 1 0 0 0 1 LHZ
E24K TA 2017 6 30 0 0 0 2017 7 1 0 0 0 1 LHZ
E25K TA 2017 6 30 0 0 0 2017 7 1 0 0 0 1 LHZ
E27K TA 2017 6 30 0 0 0 2017 7 1 0 0 0 1 LHZ
E28M TA 2017 6 30 0 0 0 2017 7 1 0 0 0 1 LHZ
E29M TA 2017 6 30 0 0 0 2017 7 1 0 0 0 1 LHZ
EPYK TA 2017 6 30 0 0 0 2017 7 1 0 0 0 1 LHZ
F14K TA 2017 6 30 0 0 0 2017 7 1 0 0 0 1 LHZ
F15K TA 2017 6 30 0 0 0 2017 7 1 0 0 0 1 LHZ
F17K TA 2017 6 30 0 0 0 2017 7 1 0 0 0 1 LHZ
F18K TA 2017 6 30 0 0 0 2017 7 1 0 0 0 1 LHZ
F19K TA 2017 6 30 0 0 0 2017 7 1 0 0 0 1 LHZ
F20K TA 2017 6 30 0 0 0 2017 7 1 0 0 0 1 LHZ
F21K TA 2017 6 30 0 0 0 2017 7 1 0 0 0 1 LHZ
F22K TA 2017 6 30 0 0 0 2017 7 1 0 0 0 1 LHZ
F24K TA 2017 6 30 0 0 0 2017 7 1 0 0 0 1 LHZ
F25K TA 2017 6 30 0 0 0 2017 7 1 0 0 0 1 LHZ
F26K TA 2017 6 30 0 0 0 2017 7 1 0 0 0 1 LHZ
F28M TA 2017 6 30 0 0 0 2017 7 1 0 0 0 1 LHZ
F30M TA 2017 6 30 0 0 0 2017 7 1 0 0 0 1 LHZ
F31M TA 2017 6 30 0 0 0 2017 7 1 0 0 0 1 LHZ
G15K TA 2017 6 30 0 0 0 2017 7 1 0 0 0 1 LHZ
G16K TA 2017 6 30 0 0 0 2017 7 1 0 0 0 1 LHZ
G17K TA 2017 6 30 0 0 0 2017 7 1 0 0 0 1 LHZ
G18K TA 2017 6 30 0 0 0 2017 7 1 0 0 0 1 LHZ
G19K TA 2017 6 30 0 0 0 2017 7 1 0 0 0 1 LHZ
G21K TA 2017 6 30 0 0 0 2017 7 1 0 0 0 1 LHZ
G22K TA 2017 6 30 0 0 0 2017 7 1 0 0 0 1 LHZ
G23K TA 2017 6 30 0 0 0 2017 7 1 0 0 0 1 LHZ
G24K TA 2017 6 30 0 0 0 2017 7 1 0 0 0 1 LHZ
G25K TA 2017 6 30 0 0 0 2017 7 1 0 0 0 1 LHZ
G26K TA 2017 6 30 0 0 0 2017 7 1 0 0 0 1 LHZ
G27K TA 2017 6 30 0 0 0 2017 7 1 0 0 0 1 LHZ
G29M TA 2017 6 30 0 0 0 2017 7 1 0 0 0 1 LHZ
G30M TA 2017 6 30 0 0 0 2017 7 1 0 0 0 1 LHZ
G31M TA 2017 6 30 0 0 0 2017 7 1 0 0 0 1 LHZ
H16K TA 2017 6 30 0 0 0 2017 7 1 0 0 0 1 LHZ
H17K TA 2017 6 30 0 0 0 2017 7 1 0 0 0 1 LHZ
H18K TA 2017 6 30 0 0 0 2017 7 1 0 0 0 1 LHZ
H19K TA 2017 6 30 0 0 0 2017 7 1 0 0 0 1 LHZ
H20K TA 2017 6 30 0 0 0 2017 7 1 0 0 0 1 LHZ
H21K TA 2017 6 30 0 0 0 2017 7 1 0 0 0 1 LHZ
H22K TA 2017 6 30 0 0 0 2017 7 1 0 0 0 1 LHZ
H23K TA 2017 6 30 0 0 0 2017 7 1 0 0 0 1 LHZ
H24K TA 2017 6 30 0 0 0 2017 7 1 0 0 0 1 LHZ
H25K TA 2017 6 30 0 0 0 2017 7 1 0 0 0 1 LHZ
H25L TA 2017 6 30 0 0 0 2017 7 1 0 0 0 1 LHZ
H27K TA 2017 6 30 0 0 0 2017 7 1 0 0 0 1 LHZ
H29M TA 2017 6 30 0 0 0 2017 7 1 0 0 0 1 LHZ
H31M TA 2017 6 30 0 0 0 2017 7 1 0 0 0 1 LHZ
HARP TA 2017 6 30 0 0 0 2017 7 1 0 0 0 1 LHZ
HDA TA 2017 6 30 0 0 0 2017 7 1 0 0 0 1 LHZ
I17K TA 2017 6 30 0 0 0 2017 7 1 0 0 0 1 LHZ
I20K TA 2017 6 30 0 0 0 2017 7 1 0 0 0 1 LHZ
I21K TA 2017 6 30 0 0 0 2017 7 1 0 0 0 1 LHZ
I23K TA 2017 6 30 0 0 0 2017 7 1 0 0 0 1 LHZ
I26K TA 2017 6 30 0 0 0 2017 7 1 0 0 0 1 LHZ
I27K TA 2017 6 30 0 0 0 2017 7 1 0 0 0 1 LHZ
I28M TA 2017 6 30 0 0 0 2017 7 1 0 0 0 1 LHZ
I29M TA 2017 6 30 0 0 0 2017 7 1 0 0 0 1 LHZ
I30M TA 2017 6 30 0 0 0 2017 7 1 0 0 0 1 LHZ
J14K TA 2017 6 30 0 0 0 2017 7 1 0 0 0 1 LHZ
J16K TA 2017 6 30 0 0 0 2017 7 1 0 0 0 1 LHZ
J17K TA 2017 6 30 0 0 0 2017 7 1 0 0 0 1 LHZ
J18K TA 2017 6 30 0 0 0 2017 7 1 0 0 0 1 LHZ
J19K TA 2017 6 30 0 0 0 2017 7 1 0 0 0 1 LHZ
J20K TA 2017 6 30 0 0 0 2017 7 1 0 0 0 1 LHZ
J25K TA 2017 6 30 0 0 0 2017 7 1 0 0 0 1 LHZ
J26K TA 2017 6 30 0 0 0 2017 7 1 0 0 0 1 LHZ
J26L TA 2017 6 30 0 0 0 2017 7 1 0 0 0 1 LHZ
J29M TA 2017 6 30 0 0 0 2017 7 1 0 0 0 1 LHZ
J29N TA 2017 6 30 0 0 0 2017 7 1 0 0 0 1 LHZ
J30M TA 2017 6 30 0 0 0 2017 7 1 0 0 0 1 LHZ
K13K TA 2017 6 30 0 0 0 2017 7 1 0 0 0 1 LHZ
K15K TA 2017 6 30 0 0 0 2017 7 1 0 0 0 1 LHZ
K17K TA 2017 6 30 0 0 0 2017 7 1 0 0 0 1 LHZ
K20K TA 2017 6 30 0 0 0 2017 7 1 0 0 0 1 LHZ
K24K TA 2017 6 30 0 0 0 2017 7 1 0 0 0 1 LHZ
K27K TA 2017 6 30 0 0 0 2017 7 1 0 0 0 1 LHZ
K29M TA 2017 6 30 0 0 0 2017 7 1 0 0 0 1 LHZ
L14K TA 2017 6 30 0 0 0 2017 7 1 0 0 0 1 LHZ
L15K TA 2017 6 30 0 0 0 2017 7 1 0 0 0 1 LHZ
L16K TA 2017 6 30 0 0 0 2017 7 1 0 0 0 1 LHZ
L17K TA 2017 6 30 0 0 0 2017 7 1 0 0 0 1 LHZ
L18K TA 2017 6 30 0 0 0 2017 7 1 0 0 0 1 LHZ
L19K TA 2017 6 30 0 0 0 2017 7 1 0 0 0 1 LHZ
L20K TA 2017 6 30 0 0 0 2017 7 1 0 0 0 1 LHZ
L26K TA 2017 6 30 0 0 0 2017 7 1 0 0 0 1 LHZ
L27K TA 2017 6 30 0 0 0 2017 7 1 0 0 0 1 LHZ
L29M TA 2017 6 30 0 0 0 2017 7 1 0 0 0 1 LHZ
M11K TA 2017 6 30 0 0 0 2017 7 1 0 0 0 1 LHZ
M13K TA 2017 6 30 0 0 0 2017 7 1 0 0 0 1 LHZ
M14K TA 2017 6 30 0 0 0 2017 7 1 0 0 0 1 LHZ
M15K TA 2017 6 30 0 0 0 2017 7 1 0 0 0 1 LHZ
M16K TA 2017 6 30 0 0 0 2017 7 1 0 0 0 1 LHZ
M17K TA 2017 6 30 0 0 0 2017 7 1 0 0 0 1 LHZ
M18K TA 2017 6 30 0 0 0 2017 7 1 0 0 0 1 LHZ
M19K TA 2017 6 30 0 0 0 2017 7 1 0 0 0 1 LHZ
M20K TA 2017 6 30 0 0 0 2017 7 1 0 0 0 1 LHZ
M22K TA 2017 6 30 0 0 0 2017 7 1 0 0 0 1 LHZ
M23K TA 2017 6 30 0 0 0 2017 7 1 0 0 0 1 LHZ
M24K TA 2017 6 30 0 0 0 2017 7 1 0 0 0 1 LHZ
M26K TA 2017 6 30 0 0 0 2017 7 1 0 0 0 1 LHZ
M27K TA 2017 6 30 0 0 0 2017 7 1 0 0 0 1 LHZ
M29M TA 2017 6 30 0 0 0 2017 7 1 0 0 0 1 LHZ
M30M TA 2017 6 30 0 0 0 2017 7 1 0 0 0 1 LHZ
M31M TA 2017 6 30 0 0 0 2017 7 1 0 0 0 1 LHZ
N14K TA 2017 6 30 0 0 0 2017 7 1 0 0 0 1 LHZ
N15K TA 2017 6 30 0 0 0 2017 7 1 0 0 0 1 LHZ
N16K TA 2017 6 30 0 0 0 2017 7 1 0 0 0 1 LHZ
N17K TA 2017 6 30 0 0 0 2017 7 1 0 0 0 1 LHZ
N18K TA 2017 6 30 0 0 0 2017 7 1 0 0 0 1 LHZ
N19K TA 2017 6 30 0 0 0 2017 7 1 0 0 0 1 LHZ
N20K TA 2017 6 30 0 0 0 2017 7 1 0 0 0 1 LHZ
N25K TA 2017 6 30 0 0 0 2017 7 1 0 0 0 1 LHZ
N30M TA 2017 6 30 0 0 0 2017 7 1 0 0 0 1 LHZ
N31M TA 2017 6 30 0 0 0 2017 7 1 0 0 0 1 LHZ
N32M TA 2017 6 30 0 0 0 2017 7 1 0 0 0 1 LHZ
O14K TA 2017 6 30 0 0 0 2017 7 1 0 0 0 1 LHZ
O15K TA 2017 6 30 0 0 0 2017 7 1 0 0 0 1 LHZ
O16K TA 2017 6 30 0 0 0 2017 7 1 0 0 0 1 LHZ
O17K TA 2017 6 30 0 0 0 2017 7 1 0 0 0 1 LHZ
O18K TA 2017 6 30 0 0 0 2017 7 1 0 0 0 1 LHZ
O19K TA 2017 6 30 0 0 0 2017 7 1 0 0 0 1 LHZ
O20K TA 2017 6 30 0 0 0 2017 7 1 0 0 0 1 LHZ
O22K TA 2017 6 30 0 0 0 2017 7 1 0 0 0 1 LHZ
O28M TA 2017 6 30 0 0 0 2017 7 1 0 0 0 1 LHZ
O29M TA 2017 6 30 0 0 0 2017 7 1 0 0 0 1 LHZ
O30N TA 2017 6 30 0 0 0 2017 7 1 0 0 0 1 LHZ
P08K TA 2017 6 30 0 0 0 2017 7 1 0 0 0 1 LHZ
P16K TA 2017 6 30 0 0 0 2017 7 1 0 0 0 1 LHZ
P17K TA 2017 6 30 0 0 0 2017 7 1 0 0 0 1 LHZ
P18K TA 2017 6 30 0 0 0 2017 7 1 0 0 0 1 LHZ
P19K TA 2017 6 30 0 0 0 2017 7 1 0 0 0 1 LHZ
P23K TA 2017 6 30 0 0 0 2017 7 1 0 0 0 1 LHZ
P29M TA 2017 6 30 0 0 0 2017 7 1 0 0 0 1 LHZ
P30M TA 2017 6 30 0 0 0 2017 7 1 0 0 0 1 LHZ
P32M TA 2017 6 30 0 0 0 2017 7 1 0 0 0 1 LHZ
P33M TA 2017 6 30 0 0 0 2017 7 1 0 0 0 1 LHZ
POKR TA 2017 6 30 0 0 0 2017 7 1 0 0 0 1 LHZ
Q16K TA 2017 6 30 0 0 0 2017 7 1 0 0 0 1 LHZ
Q17K TA 2017 6 30 0 0 0 2017 7 1 0 0 0 1 LHZ
Q18K TA 2017 6 30 0 0 0 2017 7 1 0 0 0 1 LHZ
Q19K TA 2017 6 30 0 0 0 2017 7 1 0 0 0 1 LHZ
Q20K TA 2017 6 30 0 0 0 2017 7 1 0 0 0 1 LHZ
Q23K TA 2017 6 30 0 0 0 2017 7 1 0 0 0 1 LHZ
Q32M TA 2017 6 30 0 0 0 2017 7 1 0 0 0 1 LHZ
R16K TA 2017 6 30 0 0 0 2017 7 1 0 0 0 1 LHZ
R17K TA 2017 6 30 0 0 0 2017 7 1 0 0 0 1 LHZ
R18K TA 2017 6 30 0 0 0 2017 7 1 0 0 0 1 LHZ
R31K TA 2017 6 30 0 0 0 2017 7 1 0 0 0 1 LHZ
R32K TA 2017 6 30 0 0 0 2017 7 1 0 0 0 1 LHZ
R33M TA 2017 6 30 0 0 0 2017 7 1 0 0 0 1 LHZ
S12K TA 2017 6 30 0 0 0 2017 7 1 0 0 0 1 LHZ
S14K TA 2017 6 30 0 0 0 2017 7 1 0 0 0 1 LHZ
S31K TA 2017 6 30 0 0 0 2017 7 1 0 0 0 1 LHZ
S32K TA 2017 6 30 0 0 0 2017 7 1 0 0 0 1 LHZ
S34M TA 2017 6 30 0 0 0 2017 7 1 0 0 0 1 LHZ
T33K TA 2017 6 30 0 0 0 2017 7 1 0 0 0 1 LHZ
T35M TA 2017 6 30 0 0 0 2017 7 1 0 0 0 1 LHZ
TCOL TA 2017 6 30 0 0 0 2017 7 1 0 0 0 1 LHZ
TOLK TA 2017 6 30 0 0 0 2017 7 1 0 0 0 1 LHZ
U33K TA 2017 6 30 0 0 0 2017 7 1 0 0 0 1 LHZ
U35K TA 2017 6 30 0 0 0 2017 7 1 0 0 0 1 LHZ
V35K TA 2017 6 30 0 0 0 2017 7 1 0 0 0 1 LHZ
EGAK US 2017 6 30 0 0 0 2017 7 1 0 0 0 1 LHZ
WRAK US 2017 6 30 0 0 0 2017 7 1 0 0 0 1 LHZ
AND XE 2017 6 30 0 0 0 2017 7 1 0 0 0 1 LHZ
ANT XE 2017 6 30 0 0 0 2017 7 1 0 0 0 1 LHZ
BSH XE 2017 6 30 0 0 0 2017 7 1 0 0 0 1 LHZ
BYR XE 2017 6 30 0 0 0 2017 7 1 0 0 0 1 LHZ
CAR XE 2017 6 30 0 0 0 2017 7 1 0 0 0 1 LHZ
CZN XE 2017 6 30 0 0 0 2017 7 1 0 0 0 1 LHZ
DH1 XE 2017 6 30 0 0 0 2017 7 1 0 0 0 1 LHZ
DH2 XE 2017 6 30 0 0 0 2017 7 1 0 0 0 1 LHZ
DH3 XE 2017 6 30 0 0 0 2017 7 1 0 0 0 1 LHZ
EFS XE 2017 6 30 0 0 0 2017 7 1 0 0 0 1 LHZ
FID XE 2017 6 30 0 0 0 2017 7 1 0 0 0 1 LHZ
GNR XE 2017 6 30 0 0 0 2017 7 1 0 0 0 1 LHZ
GOO XE 2017 6 30 0 0 0 2017 7 1 0 0 0 1 LHZ
HURN XE 2017 6 30 0 0 0 2017 7 1 0 0 0 1 LHZ
MCK XE 2017 6 30 0 0 0 2017 7 1 0 0 0 1 LHZ
MHR XE 2017 6 30 0 0 0 2017 7 1 0 0 0 1 LHZ
NNA XE 2017 6 30 0 0 0 2017 7 1 0 0 0 1 LHZ
PVE XE 2017 6 30 0 0 0 2017 7 1 0 0 0 1 LHZ
PVW XE 2017 6 30 0 0 0 2017 7 1 0 0 0 1 LHZ
PYY XE 2017 6 30 0 0 0 2017 7 1 0 0 0 1 LHZ
RCK XE 2017 6 30 0 0 0 2017 7 1 0 0 0 1 LHZ
RND XE 2017 6 30 0 0 0 2017 7 1 0 0 0 1 LHZ
RND5 XE 2017 6 30 0 0 0 2017 7 1 0 0 0 1 LHZ
RNDE XE 2017 6 30 0 0 0 2017 7 1 0 0 0 1 LHZ
RNDN XE 2017 6 30 0 0 0 2017 7 1 0 0 0 1 LHZ
RNDR XE 2017 6 30 0 0 0 2017 7 1 0 0 0 1 LHZ
RNDS XE 2017 6 30 0 0 0 2017 7 1 0 0 0 1 LHZ
SAN XE 2017 6 30 0 0 0 2017 7 1 0 0 0 1 LHZ
SBL XE 2017 6 30 0 0 0 2017 7 1 0 0 0 1 LHZ
SLM XE 2017 6 30 0 0 0 2017 7 1 0 0 0 1 LHZ
SLT XE 2017 6 30 0 0 0 2017 7 1 0 0 0 1 LHZ
SOB XE 2017 6 30 0 0 0 2017 7 1 0 0 0 1 LHZ
TCE XE 2017 6 30 0 0 0 2017 7 1 0 0 0 1 LHZ
TLKY XE 2017 6 30 0 0 0 2017 7 1 0 0 0 1 LHZ
WOLF XE 2017 6 30 0 0 0 2017 7 1 0 0 0 1 LHZ
WON XE 2017 6 30 0 0 0 2017 7 1 0 0 0 1 LHZ
YAN XE 2017 6 30 0 0 0 2017 7 1 0 0 0 1 LHZ
BOOM XF 2017 6 30 0 0 0 2017 7 1 0 0 0 1 LHZ
BUBH XF 2017 6 30 0 0 0 2017 7 1 0 0 0 1 LHZ
BUSH XF 2017 6 30 0 0 0 2017 7 1 0 0 0 1 LHZ
CNTR XF 2017 6 30 0 0 0 2017 7 1 0 0 0 1 LHZ
COAL XF 2017 6 30 0 0 0 2017 7 1 0 0 0 1 LHZ
COED XF 2017 6 30 0 0 0 2017 7 1 0 0 0 1 LHZ
DOST XF 2017 6 30 0 0 0 2017 7 1 0 0 0 1 LHZ
FUFU XF 2017 6 30 0 0 0 2017 7 1 0 0 0 1 LHZ
GOAT XF 2017 6 30 0 0 0 2017 7 1 0 0 0 1 LHZ
GONR XF 2017 6 30 0 0 0 2017 7 1 0 0 0 1 LHZ
GRAP XF 2017 6 30 0 0 0 2017 7 1 0 0 0 1 LHZ
JANK XF 2017 6 30 0 0 0 2017 7 1 0 0 0 1 LHZ
KAVU XF 2017 6 30 0 0 0 2017 7 1 0 0 0 1 LHZ
LEFT XF 2017 6 30 0 0 0 2017 7 1 0 0 0 1 LHZ
LINA XF 2017 6 30 0 0 0 2017 7 1 0 0 0 1 LHZ
LINB XF 2017 6 30 0 0 0 2017 7 1 0 0 0 1 LHZ
LINC XF 2017 6 30 0 0 0 2017 7 1 0 0 0 1 LHZ
LIND XF 2017 6 30 0 0 0 2017 7 1 0 0 0 1 LHZ
LINE XF 2017 6 30 0 0 0 2017 7 1 0 0 0 1 LHZ
LINF XF 2017 6 30 0 0 0 2017 7 1 0 0 0 1 LHZ
LUPN XF 2017 6 30 0 0 0 2017 7 1 0 0 0 1 LHZ
STEW XF 2017 6 30 0 0 0 2017 7 1 0 0 0 1 LHZ
TARD XF 2017 6 30 0 0 0 2017 7 1 0 0 0 1 LHZ
TRIP XF 2017 6 30 0 0 0 2017 7 1 0 0 0 1 LHZ
BBB XL 2017 6 30 0 0 0 2017 7 1 0 0 0 1 LHZ
A02 XN 2017 6 30 0 0 0 2017 7 1 0 0 0 1 LHZ
B02 XN 2017 6 30 0 0 0 2017 7 1 0 0 0 1 LHZ
B03 XN 2017 6 30 0 0 0 2017 7 1 0 0 0 1 LHZ
B04 XN 2017 6 30 0 0 0 2017 7 1 0 0 0 1 LHZ
B05 XN 2017 6 30 0 0 0 2017 7 1 0 0 0 1 LHZ
B06 XN 2017 6 30 0 0 0 2017 7 1 0 0 0 1 LHZ
B07 XN 2017 6 30 0 0 0 2017 7 1 0 0 0 1 LHZ
B08 XN 2017 6 30 0 0 0 2017 7 1 0 0 0 1 LHZ
B09 XN 2017 6 30 0 0 0 2017 7 1 0 0 0 1 LHZ
B10 XN 2017 6 30 0 0 0 2017 7 1 0 0 0 1 LHZ
B11 XN 2017 6 30 0 0 0 2017 7 1 0 0 0 1 LHZ
B12 XN 2017 6 30 0 0 0 2017 7 1 0 0 0 1 LHZ
B13 XN 2017 6 30 0 0 0 2017 7 1 0 0 0 1 LHZ
B14 XN 2017 6 30 0 0 0 2017 7 1 0 0 0 1 LHZ
B15 XN 2017 6 30 0 0 0 2017 7 1 0 0 0 1 LHZ
C01 XN 2017 6 30 0 0 0 2017 7 1 0 0 0 1 LHZ
C02 XN 2017 6 30 0 0 0 2017 7 1 0 0 0 1 LHZ
C03 XN 2017 6 30 0 0 0 2017 7 1 0 0 0 1 LHZ
C04 XN 2017 6 30 0 0 0 2017 7 1 0 0 0 1 LHZ
C05 XN 2017 6 30 0 0 0 2017 7 1 0 0 0 1 LHZ
BMQ XR 2017 6 30 0 0 0 2017 7 1 0 0 0 1 LHZ
CBM XR 2017 6 30 0 0 0 2017 7 1 0 0 0 1 LHZ
CHS XR 2017 6 30 0 0 0 2017 7 1 0 0 0 1 LHZ
FRB XR 2017 6 30 0 0 0 2017 7 1 0 0 0 1 LHZ
GBN XR 2017 6 30 0 0 0 2017 7 1 0 0 0 1 LHZ
GTM XR 2017 6 30 0 0 0 2017 7 1 0 0 0 1 LHZ
ICT XR 2017 6 30 0 0 0 2017 7 1 0 0 0 1 LHZ
LMW XR 2017 6 30 0 0 0 2017 7 1 0 0 0 1 LHZ
LVG XR 2017 6 30 0 0 0 2017 7 1 0 0 0 1 LHZ
NOM XR 2017 6 30 0 0 0 2017 7 1 0 0 0 1 LHZ
PRB XR 2017 6 30 0 0 0 2017 7 1 0 0 0 1 LHZ
RBY XR 2017 6 30 0 0 0 2017 7 1 0 0 0 1 LHZ
SAG XR 2017 6 30 0 0 0 2017 7 1 0 0 0 1 LHZ
TFS XR 2017 6 30 0 0 0 2017 7 1 0 0 0 1 LHZ
WSM XR 2017 6 30 0 0 0 2017 7 1 0 0 0 1 LHZ
YRT XR 2017 6 30 0 0 0 2017 7 1 0 0 0 1 LHZ
F1TN XV 2017 6 30 0 0 0 2017 7 1 0 0 0 1 LHZ
F2TN XV 2017 6 30 0 0 0 2017 7 1 0 0 0 1 LHZ
F3TN XV 2017 6 30 0 0 0 2017 7 1 0 0 0 1 LHZ
F4TN XV 2017 6 30 0 0 0 2017 7 1 0 0 0 1 LHZ
F5MN XV 2017 6 30 0 0 0 2017 7 1 0 0 0 1 LHZ
F6TP XV 2017 6 30 0 0 0 2017 7 1 0 0 0 1 LHZ
F7TV XV 2017 6 30 0 0 0 2017 7 1 0 0 0 1 LHZ
F8KN XV 2017 6 30 0 0 0 2017 7 1 0 0 0 1 LHZ
FAPT XV 2017 6 30 0 0 0 2017 7 1 0 0 0 1 LHZ
FNN1 XV 2017 6 30 0 0 0 2017 7 1 0 0 0 1 LHZ
FNN2 XV 2017 6 30 0 0 0 2017 7 1 0 0 0 1 LHZ
FPAP XV 2017 6 30 0 0 0 2017 7 1 0 0 0 1 LHZ
FTGH XV 2017 6 30 0 0 0 2017 7 1 0 0 0 1 LHZ
BN01 XY 2017 6 30 0 0 0 2017 7 1 0 0 0 1 LHZ
BN02 XY 2017 6 30 0 0 0 2017 7 1 0 0 0 1 LHZ
BN04 XY 2017 6 30 0 0 0 2017 7 1 0 0 0 1 LHZ
BN05 XY 2017 6 30 0 0 0 2017 7 1 0 0 0 1 LHZ
BN06 XY 2017 6 30 0 0 0 2017 7 1 0 0 0 1 LHZ
BN07 XY 2017 6 30 0 0 0 2017 7 1 0 0 0 1 LHZ
BN08 XY 2017 6 30 0 0 0 2017 7 1 0 0 0 1 LHZ
BN09 XY 2017 6 30 0 0 0 2017 7 1 0 0 0 1 LHZ
BN10 XY 2017 6 30 0 0 0 2017 7 1 0 0 0 1 LHZ
BN11 XY 2017 6 30 0 0 0 2017 7 1 0 0 0 1 LHZ
BN12 XY 2017 6 30 0 0 0 2017 7 1 0 0 0 1 LHZ
BN13 XY 2017 6 30 0 0 0 2017 7 1 0 0 0 1 LHZ
BN13A XY 2017 6 30 0 0 0 2017 7 1 0 0 0 1 LHZ
BN14 XY 2017 6 30 0 0 0 2017 7 1 0 0 0 1 LHZ
BN15 XY 2017 6 30 0 0 0 2017 7 1 0 0 0 1 LHZ
BN16 XY 2017 6 30 0 0 0 2017 7 1 0 0 0 1 LHZ
BN17 XY 2017 6 30 0 0 0 2017 7 1 0 0 0 1 LHZ
BN18 XY 2017 6 30 0 0 0 2017 7 1 0 0 0 1 LHZ
BN19 XY 2017 6 30 0 0 0 2017 7 1 0 0 0 1 LHZ
BN20 XY 2017 6 30 0 0 0 2017 7 1 0 0 0 1 LHZ
BN21 XY 2017 6 30 0 0 0 2017 7 1 0 0 0 1 LHZ
BN22 XY 2017 6 30 0 0 0 2017 7 1 0 0 0 1 LHZ
BN23 XY 2017 6 30 0 0 0 2017 7 1 0 0 0 1 LHZ
BS01 XY 2017 6 30 0 0 0 2017 7 1 0 0 0 1 LHZ
BS02 XY 2017 6 30 0 0 0 2017 7 1 0 0 0 1 LHZ
BS03 XY 2017 6 30 0 0 0 2017 7 1 0 0 0 1 LHZ
BS04 XY 2017 6 30 0 0 0 2017 7 1 0 0 0 1 LHZ
BS04M XY 2017 6 30 0 0 0 2017 7 1 0 0 0 1 LHZ
BS05 XY 2017 6 30 0 0 0 2017 7 1 0 0 0 1 LHZ
BS06 XY 2017 6 30 0 0 0 2017 7 1 0 0 0 1 LHZ
BS07 XY 2017 6 30 0 0 0 2017 7 1 0 0 0 1 LHZ
BS09 XY 2017 6 30 0 0 0 2017 7 1 0 0 0 1 LHZ
BS10 XY 2017 6 30 0 0 0 2017 7 1 0 0 0 1 LHZ
BS11 XY 2017 6 30 0 0 0 2017 7 1 0 0 0 1 LHZ
BS12 XY 2017 6 30 0 0 0 2017 7 1 0 0 0 1 LHZ
BS12M XY 2017 6 30 0 0 0 2017 7 1 0 0 0 1 LHZ
BS13 XY 2017 6 30 0 0 0 2017 7 1 0 0 0 1 LHZ
BS14 XY 2017 6 30 0 0 0 2017 7 1 0 0 0 1 LHZ
BS15 XY 2017 6 30 0 0 0 2017 7 1 0 0 0 1 LHZ
BS15A XY 2017 6 30 0 0 0 2017 7 1 0 0 0 1 LHZ
BS16 XY 2017 6 30 0 0 0 2017 7 1 0 0 0 1 LHZ
BS17 XY 2017 6 30 0 0 0 2017 7 1 0 0 0 1 LHZ
BS18 XY 2017 6 30 0 0 0 2017 7 1 0 0 0 1 LHZ
BS19 XY 2017 6 30 0 0 0 2017 7 1 0 0 0 1 LHZ
BS21 XY 2017 6 30 0 0 0 2017 7 1 0 0 0 1 LHZ
BS22 XY 2017 6 30 0 0 0 2017 7 1 0 0 0 1 LHZ
BAGL XZ 2017 6 30 0 0 0 2017 7 1 0 0 0 1 LHZ
BARK XZ 2017 6 30 0 0 0 2017 7 1 0 0 0 1 LHZ
BARN XZ 2017 6 30 0 0 0 2017 7 1 0 0 0 1 LHZ
BERG XZ 2017 6 30 0 0 0 2017 7 1 0 0 0 1 LHZ
BGLC XZ 2017 6 30 0 0 0 2017 7 1 0 0 0 1 LHZ
GOAT XZ 2017 6 30 0 0 0 2017 7 1 0 0 0 1 LHZ
GRIN XZ 2017 6 30 0 0 0 2017 7 1 0 0 0 1 LHZ
GRNC XZ 2017 6 30 0 0 0 2017 7 1 0 0 0 1 LHZ
ISLE XZ 2017 6 30 0 0 0 2017 7 1 0 0 0 1 LHZ
KHIT XZ 2017 6 30 0 0 0 2017 7 1 0 0 0 1 LHZ
KIAG XZ 2017 6 30 0 0 0 2017 7 1 0 0 0 1 LHZ
KULT XZ 2017 6 30 0 0 0 2017 7 1 0 0 0 1 LHZ
LOGN XZ 2017 6 30 0 0 0 2017 7 1 0 0 0 1 LHZ
MCAR XZ 2017 6 30 0 0 0 2017 7 1 0 0 0 1 LHZ
MESA XZ 2017 6 30 0 0 0 2017 7 1 0 0 0 1 LHZ
NICH XZ 2017 6 30 0 0 0 2017 7 1 0 0 0 1 LHZ
PTPK XZ 2017 6 30 0 0 0 2017 7 1 0 0 0 1 LHZ
RKAV XZ 2017 6 30 0 0 0 2017 7 1 0 0 0 1 LHZ
SAMH XZ 2017 6 30 0 0 0 2017 7 1 0 0 0 1 LHZ
SUCK XZ 2017 6 30 0 0 0 2017 7 1 0 0 0 1 LHZ
TABL XZ 2017 6 30 0 0 0 2017 7 1 0 0 0 1 LHZ
VRDI XZ 2017 6 30 0 0 0 2017 7 1 0 0 0 1 LHZ
PIC1 YE 2017 6 30 0 0 0 2017 7 1 0 0 0 1 LHZ
PIC4 YE 2017 6 30 0 0 0 2017 7 1 0 0 0 1 LHZ
TIDE YO 2017 6 30 0 0 0 2017 7 1 0 0 0 1 LHZ
ALPI YV 2017 6 30 0 0 0 2017 7 1 0 0 0 1 LHZ
AVAL YV 2017 6 30 0 0 0 2017 7 1 0 0 0 1 LHZ
BIGB YV 2017 6 30 0 0 0 2017 7 1 0 0 0 1 LHZ
BING YV 2017 6 30 0 0 0 2017 7 1 0 0 0 1 LHZ
BLAK YV 2017 6 30 0 0 0 2017 7 1 0 0 0 1 LHZ
BYR YV 2017 6 30 0 0 0 2017 7 1 0 0 0 1 LHZ
CASW YV 2017 6 30 0 0 0 2017 7 1 0 0 0 1 LHZ
CLRS YV 2017 6 30 0 0 0 2017 7 1 0 0 0 1 LHZ
COOK YV 2017 6 30 0 0 0 2017 7 1 0 0 0 1 LHZ
DEVL YV 2017 6 30 0 0 0 2017 7 1 0 0 0 1 LHZ
DIVI YV 2017 6 30 0 0 0 2017 7 1 0 0 0 1 LHZ
HEAD YV 2017 6 30 0 0 0 2017 7 1 0 0 0 1 LHZ
HOLG YV 2017 6 30 0 0 0 2017 7 1 0 0 0 1 LHZ
HOPE YV 2017 6 30 0 0 0 2017 7 1 0 0 0 1 LHZ
HOPJ YV 2017 6 30 0 0 0 2017 7 1 0 0 0 1 LHZ
INDI YV 2017 6 30 0 0 0 2017 7 1 0 0 0 1 LHZ
KASH YV 2017 6 30 0 0 0 2017 7 1 0 0 0 1 LHZ
KNIK YV 2017 6 30 0 0 0 2017 7 1 0 0 0 1 LHZ
LSKI YV 2017 6 30 0 0 0 2017 7 1 0 0 0 1 LHZ
LSUM YV 2017 6 30 0 0 0 2017 7 1 0 0 0 1 LHZ
MAIN YV 2017 6 30 0 0 0 2017 7 1 0 0 0 1 LHZ
MCDC YV 2017 6 30 0 0 0 2017 7 1 0 0 0 1 LHZ
MOOP YV 2017 6 30 0 0 0 2017 7 1 0 0 0 1 LHZ
MPEN YV 2017 6 30 0 0 0 2017 7 1 0 0 0 1 LHZ
NANC YV 2017 6 30 0 0 0 2017 7 1 0 0 0 1 LHZ
NSKI YV 2017 6 30 0 0 0 2017 7 1 0 0 0 1 LHZ
PERI YV 2017 6 30 0 0 0 2017 7 1 0 0 0 1 LHZ
PORT YV 2017 6 30 0 0 0 2017 7 1 0 0 0 1 LHZ
RUSS YV 2017 6 30 0 0 0 2017 7 1 0 0 0 1 LHZ
SNUG YV 2017 6 30 0 0 0 2017 7 1 0 0 0 1 LHZ
SOLD YV 2017 6 30 0 0 0 2017 7 1 0 0 0 1 LHZ
TUPA YV 2017 6 30 0 0 0 2017 7 1 0 0 0 1 LHZ
USKI YV 2017 6 30 0 0 0 2017 7 1 0 0 0 1 LHZ
WHIT YV 2017 6 30 0 0 0 2017 7 1 0 0 0 1 LHZ
MPEN ZE 2017 6 30 0 0 0 2017 7 1 0 0 0 1 LHZ
